x y z u v
-0.5714285969734192 0.800000011920929 0.0 -0.09183673560619354 -0.8363636136054993
-0.5714285969734192 0.6545454263687134 0.0 -0.09183673560619354 -0.8495867848396301
-0.6285714507102966 0.5090909004211426 0.0 -0.09387755393981934 -0.8628098964691162
-0.6857143044471741 0.5090909004211426 0.0 -0.09591836482286453 -0.8628098964691162
-0.6857143044471741 0.3636363744735718 0.0 -0.09591836482286453 -0.8760330677032471
-0.7428571581840515 0.2181818187236786 0.0 -0.09795918315649033 -0.8892561793327332
-0.800000011920929 0.2181818187236786 0.0 -0.10000000149011612 -0.8892561793327332
-0.800000011920929 0.072727270424366 0.0 -0.10000000149011612 -0.902479350566864
-0.800000011920929 -0.072727270424366 0.0 -0.10000000149011612 -0.9157024621963501
-0.800000011920929 -0.2181818187236786 0.0 -0.10000000149011612 -0.928925633430481
-0.7428571581840515 -0.2181818187236786 0.0 -0.09795918315649033 -0.928925633430481
-0.6857143044471741 -0.3636363744735718 0.0 -0.09591836482286453 -0.942148745059967
-0.6857143044471741 -0.5090909004211426 0.0 -0.09591836482286453 -0.9553719162940979
-0.6285714507102966 -0.5090909004211426 0.0 -0.09387755393981934 -0.9553719162940979
-0.5714285969734192 -0.6545454263687134 0.0 -0.09183673560619354 -0.968595027923584
-0.5714285969734192 -0.800000011920929 0.0 -0.09183673560619354 -0.9818181991577148
-0.5142857432365417 -0.800000011920929 0.0 -0.08979591727256775 -0.9818181991577148
-0.4571428596973419 -0.800000011920929 0.0 -0.08775509893894196 -0.9818181991577148
-0.4000000059604645 -0.800000011920929 0.0 -0.08571428805589676 -0.9818181991577148
-0.34285715222358704 -0.800000011920929 0.0 -0.08367346972227097 -0.9818181991577148
-0.34285715222358704 -0.6545454263687134 0.0 -0.08367346972227097 -0.968595027923584
-0.2857142984867096 -0.5090909004211426 0.0 -0.08163265138864517 -0.9553719162940979
-0.22857142984867096 -0.5090909004211426 0.0 -0.07959184050559998 -0.9553719162940979
-0.22857142984867096 -0.3636363744735718 0.0 -0.07959184050559998 -0.942148745059967
-0.17142857611179352 -0.2181818187236786 0.0 -0.07755102217197418 -0.928925633430481
-0.11428571492433548 -0.2181818187236786 0.0 -0.07551020383834839 -0.928925633430481
-0.05714285746216774 -0.072727270424366 0.0 -0.0734693855047226 -0.9157024621963501
0.0 -0.072727270424366 0.0 -0.0714285746216774 -0.9157024621963501
0.05714285746216774 -0.072727270424366 0.0 -0.0693877562880516 -0.9157024621963501
0.11428571492433548 -0.072727270424366 0.0 -0.06734693795442581 -0.9157024621963501
0.17142857611179352 -0.072727270424366 0.0 -0.06530611962080002 -0.9157024621963501
0.22857142984867096 -0.072727270424366 0.0 -0.06326530873775482 -0.9157024621963501
0.2857142984867096 -0.072727270424366 0.0 -0.06122449040412903 -0.9157024621963501
0.34285715222358704 -0.072727270424366 0.0 -0.059183672070503235 -0.9157024621963501
0.4000000059604645 -0.072727270424366 0.0 -0.05714285746216774 -0.9157024621963501
0.4571428596973419 -0.072727270424366 0.0 -0.055102039128541946 -0.9157024621963501
0.5142857432365417 -0.072727270424366 0.0 -0.05306122452020645 -0.9157024621963501
0.5714285969734192 -0.072727270424366 0.0 -0.05102040618658066 -0.9157024621963501
0.6285714507102966 -0.072727270424366 0.0 -0.04897959157824516 -0.9157024621963501
0.6857143044471741 -0.072727270424366 0.0 -0.04693877324461937 -0.9157024621963501
0.7428571581840515 -0.072727270424366 0.0 -0.044897958636283875 -0.9157024621963501
0.800000011920929 -0.072727270424366 0.0 -0.04285714402794838 -0.9157024621963501
0.800000011920929 0.072727270424366 0.0 -0.04285714402794838 -0.902479350566864
0.7428571581840515 0.072727270424366 0.0 -0.044897958636283875 -0.902479350566864
0.6857143044471741 0.072727270424366 0.0 -0.04693877324461937 -0.902479350566864
0.6285714507102966 0.072727270424366 0.0 -0.04897959157824516 -0.902479350566864
0.5714285969734192 0.072727270424366 0.0 -0.05102040618658066 -0.902479350566864
0.5142857432365417 0.072727270424366 0.0 -0.05306122452020645 -0.902479350566864
0.4571428596973419 0.072727270424366 0.0 -0.055102039128541946 -0.902479350566864
0.4000000059604645 0.072727270424366 0.0 -0.05714285746216774 -0.902479350566864
0.34285715222358704 0.072727270424366 0.0 -0.059183672070503235 -0.902479350566864
0.2857142984867096 0.072727270424366 0.0 -0.06122449040412903 -0.902479350566864
0.22857142984867096 0.072727270424366 0.0 -0.06326530873775482 -0.902479350566864
0.17142857611179352 0.072727270424366 0.0 -0.06530611962080002 -0.902479350566864
0.11428571492433548 0.072727270424366 0.0 -0.06734693795442581 -0.902479350566864
0.05714285746216774 0.072727270424366 0.0 -0.0693877562880516 -0.902479350566864
0.0 0.072727270424366 0.0 -0.0714285746216774 -0.902479350566864
-0.05714285746216774 0.072727270424366 0.0 -0.0734693855047226 -0.902479350566864
-0.11428571492433548 0.2181818187236786 0.0 -0.07551020383834839 -0.8892561793327332
-0.17142857611179352 0.2181818187236786 0.0 -0.07755102217197418 -0.8892561793327332
-0.22857142984867096 0.3636363744735718 0.0 -0.07959184050559998 -0.8760330677032471
-0.22857142984867096 0.5090909004211426 0.0 -0.07959184050559998 -0.8628098964691162
-0.2857142984867096 0.5090909004211426 0.0 -0.08163265138864517 -0.8628098964691162
-0.34285715222358704 0.6545454263687134 0.0 -0.08367346972227097 -0.8495867848396301
-0.34285715222358704 0.800000011920929 0.0 -0.08367346972227097 -0.8363636136054993
-0.4000000059604645 0.800000011920929 0.0 -0.08571428805589676 -0.8363636136054993
-0.4571428596973419 0.800000011920929 0.0 -0.08775509893894196 -0.8363636136054993
-0.5142857432365417 0.800000011920929 0.0 -0.08979591727256775 -0.8363636136054993

# Triangulation indices
12 13 11
14 15 16
21 11 13
8 9 10
23 10 11
24 8 10
20 13 14
17 20 14
18 19 20
17 18 20
21 13 20
10 23 24
22 23 21
11 21 23
17 14 16
8 24 59
6 7 5
2 4 62
59 4 5
2 3 4
0 1 67
1 2 62
5 7 59
62 60 61
62 4 60
63 1 62
67 1 66
65 63 64
63 65 66
63 66 1
60 4 59
7 8 59
24 26 59
26 57 59
27 28 55
26 27 56
29 30 53
31 32 51
30 31 52
28 29 54
33 34 49
35 36 47
34 35 48
37 38 45
39 40 43
40 41 42
38 39 44
36 37 46
32 33 50
56 57 26
54 55 28
56 27 55
51 52 31
53 30 52
54 29 53
58 59 57
49 50 33
47 48 35
49 34 48
45 46 37
43 44 39
42 43 40
45 38 44
47 36 46
51 32 50
24 25 26
